1997
1987
1989
1989
1988
1990
1995
1989
1989
1989
1995
2006
1990
1988
1987
1988
1988
1989
1988
1988
1986
1997
1988
1986
1990
1989
1990
1993
1988
1987
1987
1988
1989
1988
1988
2012
1988
1987
1988
1994
1989
1997
1987
1988
1989
1991
1990
1985
1988
1988
2006
1988
2007
1989
1989
1988
1988
2009
1993
1993
1989
1989
2012
2011
1988
1988
2005
1988
1987
1989
1991
1993
1989
1988
1988
2011
1991
1993
1989
2011
1988
1988
2005
1995
1989
1989
2005
2012
1994
1988
1991
1988
2005
1988
1988
2001
1995
2005
1989
2009
1988
1989
1989
1988
1988
2000
1996
1988
1996
1989
1988
2005
1988
1988
1988
1999
1988
2006
2012
1994
1992
1993
1998
2013
2005
1998
1988
1987
2004
1988
1990
1988
1995
1988
1995
1989
1989
2013
1988
1988
1994
1993
1993
1992
1988
1992
1988
1990
1988
2011
1988
1988
1994
1988
1989
1989
1993
1989
1995
1988
2007
1990
2008
1990
1991
2007
1994
1989
1994
1988
2007
1988
1988
2011
1991
1987
1994
1988
1989
2012
1995
1994
1988
2014
1991
1988
1989
2012
1993
1988
1988
1990
1995
1990
2008
2011
1989
1993
2011
1991
2005
2012
1990
2013
1989
2011
1988
2013
1993
2009
1987
1988
1989
1988
2012
1996
1989
2010
2010
1988
1988
2013
1989
1988
1988
1988
1991
1986
1989
1989
1987
1988
1988
2012
1994
2011
1988
1987
1989
2012
1992
1989
2014
2013
1989
2011
1995
2013
1994
1995
1989
2002
1988
2006
1994
1994
1988
1991
2011
1988
1993
1989
2014
2012
1988
1994
2011
1988
2013
2002
1997
1989
2000
1993
1989
1990
1988
2009
2009
1989
2013
1992
1990
1992
1992
1995
2012
1991
1988
2004
1993
1996
1988
1989
1994
1988
1993
1991
1995
2012
1988
2013
1998
1994
2013
1990
2012
1990
1996
2011
2009
1988
1988
1990
1988
1988
1989
1988
2001
2013
1988
2001
1987
1994
1995
2010
1990
1998
1991
1988
1989
1991
2006
1988
1994
1987
2007
2007
1988
1988
2006
1988
1988
1988
2004
2001
2011
1995
1990
1988
2008
1996
2007
1992
1995
2011
1988
1989
1988
1988
1992
1988
2014
1993
1999
2005
1993
1989
1988
1994
2011
1991
1992
1989
1989
1989
2014
1991
2004
1996
2008
1989
1995
1989
2010
1993
1998
1988
2012
2012
1988
2014
2009
1989
1987
1994
1989
2010
1989
2006
2012
1987
2005
1989
1990
1988
1994
2001
1993
2014
2013
1990
2007
2010
1989
1991
2007
1989
2006
2011
1988
2009
1995
1994
1988
1988
2002
2013
1989
1993
2010
1989
1995
2004
1988
1995
1990
1990
1987
1989
2006
2014
2011
1988
1994
1994
2002
1987
2010
1988
1988
1989
1995
1989
1997
1989
2009
2012
1988
1989
2012
2007
2010
2010
2007
1988
2007
1993
1987
1987
1993
1995
1988
1992
1988
1997
2013
2011
2013
1995
2011
1988
1994
2010
2004
1993
1995
1988
1988
1987
1992
2011
1986
1999
2006
2005
1988
2006
1989
2012
